# Dunks,# Heaves,% of FGA 0-3,% of FGA 10-16,% of FGA 16-3P,% of FGA 2P,% of FGA 3-10,% of FGA 3P,%3PA Corner 3s,%FGA Dunks,0-3 FG%,10-16 FG%,16-3P FG%,2P % AST,2P FG%,3-10 FG%,3P % AST,3P FG%,3P% Corner 3s,AGE,Att. Heaves,Dist.,FG%,G,LEAGUE,MP,POS,SEASON,TEAM,PLAYER
0.0,0.0,0.118,0.137,0.647,0.961,0.059,0.039,1.0,0.0,1.0,0.286,0.212,0.778,0.367,1.0,0.0,0.0,0.0,32.0,0.0,15.4,0.353,15.0,NBA,97.0,C,2001-02,DET,Victor Alexander
0.0,0.0,0.211,0.089,0.39,0.78,0.09,0.22,0.092,0.0,0.571,0.348,0.429,0.206,0.445,0.313,0.719,0.35,0.6,25.0,4.0,16.0,0.424,82.0,NBA,1626.0,PG,1999-00,ORL,Chucky Atkins
0.0,0.0,0.162,0.105,0.326,0.644,0.051,0.356,0.218,0.0,0.526,0.32,0.432,0.371,0.423,0.245,0.884,0.357,0.419,26.0,2.0,17.1,0.399,81.0,NBA,2363.0,PG,2000-01,DET,Chucky Atkins
0.0,1.0,0.246,0.067,0.223,0.575,0.039,0.425,0.295,0.0,0.562,0.358,0.506,0.335,0.507,0.419,0.949,0.411,0.434,27.0,4.0,16.4,0.466,79.0,NBA,2285.0,PG,2001-02,DET,Chucky Atkins
0.0,0.0,0.161,0.041,0.224,0.48,0.054,0.52,0.314,0.0,0.453,0.211,0.365,0.402,0.368,0.24,0.907,0.355,0.355,28.0,4.0,18.7,0.361,65.0,NBA,1398.0,PG,2002-03,DET,Chucky Atkins
0.0,0.0,0.186,0.054,0.219,0.502,0.043,0.498,0.212,0.0,0.489,0.385,0.481,0.315,0.457,0.286,0.753,0.336,0.333,29.0,4.0,18.3,0.397,64.0,NBA,1544.0,PG,2003-04,TOT,Chucky Atkins
0.0,0.0,0.14,0.06,0.23,0.447,0.017,0.553,0.223,0.0,0.455,0.286,0.463,0.413,0.438,0.5,0.738,0.323,0.31,29.0,3.0,19.9,0.374,40.0,NBA,751.0,PG,2003-04,DET,Chucky Atkins
0.0,0.0,0.229,0.048,0.209,0.554,0.068,0.446,0.198,0.0,0.509,0.5,0.5,0.246,0.471,0.235,0.769,0.351,0.364,29.0,1.0,16.7,0.418,24.0,NBA,793.0,PG,2003-04,BOS,Chucky Atkins
0.0,0.0,0.187,0.054,0.216,0.5,0.043,0.5,0.218,0.0,0.576,0.347,0.411,0.344,0.466,0.41,0.903,0.387,0.354,30.0,9.0,18.1,0.426,82.0,NBA,2903.0,PG,2004-05,LAL,Chucky Atkins
0.0,0.0,0.187,0.038,0.225,0.522,0.072,0.478,0.164,0.0,0.533,0.273,0.434,0.217,0.431,0.244,0.742,0.354,0.378,31.0,3.0,17.6,0.394,71.0,NBA,1713.0,"PG,SG",2005-06,TOT,Chucky Atkins
0.0,0.0,0.144,0.023,0.224,0.471,0.08,0.529,0.25,0.0,0.64,0.0,0.359,0.394,0.402,0.214,0.697,0.359,0.478,31.0,1.0,18.8,0.379,28.0,NBA,552.0,SG,2005-06,WAS,Chucky Atkins
0.0,0.0,0.206,0.045,0.226,0.544,0.068,0.456,0.121,0.0,0.5,0.333,0.467,0.156,0.442,0.259,0.766,0.352,0.273,31.0,2.0,17.1,0.401,43.0,NBA,1161.0,PG,2005-06,MEM,Chucky Atkins
0.0,0.0,0.291,0.059,0.164,0.572,0.059,0.428,0.17,0.0,0.524,0.452,0.436,0.113,0.474,0.357,0.767,0.379,0.5,32.0,4.0,15.5,0.434,75.0,NBA,2064.0,PG,2006-07,MEM,Chucky Atkins
0.0,0.0,0.148,0.041,0.156,0.352,0.008,0.648,0.152,0.0,0.5,0.4,0.316,0.353,0.395,0.0,0.92,0.316,0.583,33.0,3.0,20.5,0.344,24.0,NBA,352.0,SG,2007-08,DEN,Chucky Atkins
0.0,0.0,0.142,0.027,0.31,0.496,0.018,0.504,0.175,0.0,0.313,0.0,0.4,0.632,0.339,0.0,0.867,0.263,0.3,34.0,1.0,19.5,0.301,33.0,NBA,412.0,PG,2008-09,TOT,Chucky Atkins
0.0,0.0,0.037,0.0,0.333,0.37,0.0,0.63,0.235,0.0,1.0,0.0,0.333,0.75,0.4,0.0,0.8,0.294,0.5,34.0,0.0,22.2,0.333,14.0,NBA,115.0,PG,2008-09,DEN,Chucky Atkins
0.0,0.0,0.174,0.035,0.302,0.535,0.023,0.465,0.15,0.0,0.267,0.0,0.423,0.6,0.326,0.0,0.9,0.25,0.167,34.0,1.0,18.6,0.291,19.0,NBA,297.0,PG,2008-09,OKC,Chucky Atkins
0.0,0.0,0.166,0.038,0.306,0.535,0.025,0.465,0.288,0.0,0.538,0.333,0.375,0.314,0.417,0.25,0.818,0.301,0.333,35.0,1.0,18.5,0.363,40.0,NBA,644.0,PG,2009-10,DET,Chucky Atkins
0.0,0.0,0.324,0.036,0.182,0.585,0.047,0.415,0.162,0.0,0.329,0.556,0.674,0.403,0.453,0.333,0.791,0.41,0.588,29.0,0.0,16.9,0.435,24.0,NBA,708.0,PG,1996-97,BOS,Dana Barros
0.0,0.0,0.169,0.074,0.286,0.596,0.067,0.404,0.049,0.0,0.602,0.289,0.5,0.392,0.499,0.463,0.78,0.407,0.25,30.0,1.0,17.6,0.461,80.0,NBA,1686.0,PG,1997-98,BOS,Dana Barros
0.0,0.0,0.17,0.073,0.261,0.569,0.065,0.431,0.075,0.0,0.603,0.259,0.546,0.404,0.493,0.25,0.875,0.4,0.417,31.0,0.0,17.5,0.453,50.0,NBA,1156.0,PG,1998-99,BOS,Dana Barros
0.0,0.0,0.117,0.055,0.43,0.669,0.067,0.331,0.09,0.0,0.529,0.417,0.481,0.445,0.471,0.345,0.898,0.41,0.385,32.0,1.0,18.4,0.451,72.0,NBA,1139.0,PG,1999-00,BOS,Dana Barros
0.0,0.0,0.146,0.104,0.449,0.745,0.046,0.255,0.114,0.0,0.467,0.465,0.454,0.36,0.453,0.368,0.864,0.419,0.333,33.0,0.0,16.9,0.444,60.0,NBA,1079.0,PG,2000-01,DET,Dana Barros
0.0,0.0,0.161,0.073,0.328,0.63,0.068,0.37,0.127,0.0,0.516,0.357,0.381,0.34,0.413,0.385,0.958,0.338,0.444,34.0,0.0,17.1,0.385,29.0,NBA,582.0,PG,2001-02,DET,Dana Barros
0.0,0.0,0.0,0.0,1.0,1.0,0.0,0.0,0.0,0.0,0.0,0.0,0.667,0.5,0.667,0.0,0.0,0.0,0.0,36.0,0.0,20.2,0.667,1.0,NBA,11.0,SG,2003-04,BOS,Dana Barros
0.0,0.0,0.199,0.081,0.171,0.496,0.045,0.504,0.194,0.004,0.408,0.35,0.5,0.538,0.426,0.364,0.75,0.387,0.458,27.0,0.0,18.0,0.407,58.0,NBA,965.0,SG,1996-97,ATL,Jon Barry
0.0,0.0,0.115,0.077,0.212,0.413,0.01,0.587,0.18,0.0,0.667,0.25,0.455,0.9,0.465,0.0,0.889,0.295,0.364,28.0,1.0,20.6,0.365,49.0,NBA,374.0,SG,1997-98,LAL,Jon Barry
4.0,0.0,0.188,0.087,0.13,0.428,0.022,0.572,0.215,0.029,0.808,0.167,0.556,0.429,0.593,0.667,0.792,0.304,0.294,29.0,0.0,18.5,0.428,43.0,NBA,736.0,SG,1998-99,SAC,Jon Barry
2.0,0.0,0.205,0.046,0.208,0.555,0.095,0.445,0.24,0.006,0.648,0.625,0.417,0.621,0.495,0.273,0.742,0.429,0.378,30.0,0.0,17.1,0.465,62.0,NBA,1281.0,SG,1999-00,SAC,Jon Barry
1.0,1.0,0.161,0.082,0.18,0.482,0.059,0.518,0.144,0.004,0.585,0.476,0.348,0.667,0.463,0.467,0.717,0.348,0.211,31.0,3.0,18.4,0.404,62.0,NBA,1010.0,SG,2000-01,SAC,Jon Barry
1.0,0.0,0.188,0.079,0.207,0.506,0.034,0.494,0.295,0.002,0.633,0.439,0.444,0.552,0.508,0.333,0.777,0.469,0.474,32.0,0.0,17.7,0.489,82.0,NBA,1985.0,SG,2001-02,DET,Jon Barry
0.0,0.0,0.165,0.08,0.226,0.495,0.024,0.505,0.285,0.0,0.5,0.324,0.552,0.462,0.495,0.5,0.69,0.407,0.328,33.0,0.0,18.4,0.45,80.0,NBA,1473.0,SG,2002-03,DET,Jon Barry
0.0,0.0,0.152,0.067,0.259,0.535,0.057,0.465,0.203,0.0,0.667,0.6,0.273,0.609,0.434,0.353,0.745,0.37,0.286,34.0,0.0,18.0,0.404,57.0,NBA,1101.0,SG,2003-04,DEN,Jon Barry
1.0,0.0,0.136,0.087,0.277,0.552,0.052,0.448,0.303,0.003,0.58,0.344,0.431,0.644,0.443,0.316,0.803,0.43,0.48,35.0,0.0,18.1,0.438,69.0,NBA,1505.0,SG,2004-05,TOT,Jon Barry
1.0,0.0,0.195,0.065,0.26,0.584,0.065,0.416,0.281,0.013,0.667,0.2,0.35,0.75,0.444,0.4,1.0,0.344,0.444,35.0,0.0,16.8,0.403,16.0,NBA,275.0,SG,2004-05,ATL,Jon Barry
0.0,0.0,0.12,0.093,0.282,0.543,0.048,0.457,0.308,0.0,0.543,0.37,0.451,0.614,0.443,0.286,0.767,0.451,0.488,35.0,0.0,18.5,0.447,53.0,NBA,1230.0,SG,2004-05,HOU,Jon Barry
0.0,0.0,0.169,0.077,0.246,0.508,0.015,0.492,0.25,0.0,0.455,0.2,0.438,0.692,0.394,0.0,0.833,0.375,0.25,36.0,0.0,18.2,0.385,20.0,NBA,342.0,SG,2005-06,HOU,Jon Barry
1.0,0.0,0.419,0.065,0.29,0.839,0.065,0.161,0.6,0.032,0.462,0.5,0.222,0.9,0.385,0.5,0.0,0.0,0.0,23.0,0.0,10.7,0.323,15.0,NBA,126.0,PF,2000-01,DET,Brian Cardinal
0.0,0.0,0.0,0.077,0.385,0.462,0.0,0.538,0.571,0.0,0.0,0.0,0.6,0.667,0.5,0.0,1.0,0.429,0.75,24.0,0.0,21.1,0.462,8.0,NBA,43.0,PF,2001-02,DET,Brian Cardinal
0.0,0.0,0.25,0.5,0.0,0.75,0.0,0.25,0.0,0.0,1.0,0.0,0.0,0.0,0.333,0.0,0.0,0.0,0.0,25.0,0.0,13.3,0.25,5.0,NBA,15.0,PF,2002-03,WAS,Brian Cardinal
5.0,1.0,0.223,0.105,0.24,0.734,0.165,0.266,0.5,0.013,0.663,0.449,0.473,0.727,0.482,0.273,0.964,0.444,0.468,26.0,4.0,13.7,0.472,76.0,NBA,1634.0,PF,2003-04,GSW,Brian Cardinal
2.0,0.0,0.231,0.111,0.266,0.711,0.102,0.289,0.272,0.005,0.43,0.375,0.33,0.578,0.378,0.386,0.955,0.352,0.353,27.0,2.0,14.6,0.37,58.0,NBA,1433.0,PF,2004-05,MEM,Brian Cardinal
0.0,0.0,0.216,0.153,0.297,0.739,0.072,0.261,0.31,0.0,0.583,0.353,0.333,0.788,0.402,0.25,1.0,0.448,0.778,28.0,1.0,14.9,0.414,36.0,NBA,402.0,PF,2005-06,MEM,Brian Cardinal
0.0,0.0,0.2,0.035,0.212,0.482,0.035,0.518,0.136,0.0,0.588,0.333,0.667,0.75,0.585,0.333,0.944,0.409,0.333,29.0,0.0,17.8,0.494,28.0,NBA,313.0,PF,2006-07,MEM,Brian Cardinal
0.0,0.0,0.167,0.024,0.119,0.357,0.048,0.643,0.346,0.0,0.524,0.0,0.267,0.722,0.4,0.5,1.0,0.309,0.286,30.0,0.0,19.0,0.341,37.0,NBA,440.0,PF,2007-08,MEM,Brian Cardinal
0.0,0.0,0.136,0.071,0.189,0.456,0.059,0.544,0.25,0.0,0.565,0.333,0.5,0.743,0.455,0.2,1.0,0.326,0.348,31.0,0.0,18.7,0.385,64.0,NBA,909.0,PF,2008-09,MIN,Brian Cardinal
0.0,0.0,0.111,0.167,0.361,0.75,0.111,0.25,0.444,0.0,0.5,0.667,0.231,0.727,0.407,0.5,1.0,0.333,0.5,32.0,0.0,16.3,0.389,29.0,NBA,267.0,PF,2009-10,MIN,Brian Cardinal
0.0,0.0,0.05,0.02,0.06,0.13,0.0,0.87,0.609,0.0,0.2,0.0,0.0,1.0,0.077,0.0,1.0,0.483,0.491,33.0,0.0,22.3,0.43,56.0,NBA,618.0,SF,2010-11,DAL,Brian Cardinal
0.0,0.0,0.055,0.0,0.055,0.109,0.0,0.891,0.571,0.0,1.0,0.0,0.333,1.0,0.667,0.0,1.0,0.204,0.286,34.0,0.0,22.6,0.255,44.0,NBA,277.0,SF,2011-12,DAL,Brian Cardinal
19.0,0.0,0.299,0.095,0.217,0.652,0.041,0.348,0.195,0.086,0.803,0.095,0.375,0.75,0.528,0.333,0.957,0.299,0.2,28.0,0.0,14.8,0.448,81.0,NBA,1217.0,SG,1996-97,DET,Michael Curry
32.0,0.0,0.278,0.127,0.5,0.978,0.074,0.022,0.0,0.081,0.621,0.377,0.421,0.745,0.469,0.387,0.5,0.444,0.0,29.0,0.0,13.4,0.469,82.0,NBA,1978.0,SG,1997-98,MIL,Michael Curry
10.0,0.0,0.233,0.17,0.442,0.927,0.083,0.073,0.2,0.049,0.646,0.257,0.44,0.775,0.466,0.529,1.0,0.067,0.0,30.0,0.0,13.9,0.437,50.0,NBA,1146.0,SF,1998-99,MIL,Michael Curry
8.0,0.0,0.309,0.142,0.478,0.987,0.058,0.013,0.0,0.026,0.607,0.333,0.448,0.696,0.484,0.5,1.0,0.2,0.0,31.0,1.0,13.1,0.48,82.0,NBA,1611.0,SG,1999-00,DET,Michael Curry
7.0,0.0,0.248,0.16,0.505,0.972,0.06,0.028,0.667,0.028,0.633,0.333,0.422,0.73,0.455,0.316,1.0,0.444,0.5,32.0,0.0,12.5,0.455,68.0,NBA,1485.0,SG,2000-01,DET,Michael Curry
22.0,0.0,0.272,0.091,0.507,0.906,0.036,0.094,0.346,0.087,0.68,0.36,0.393,0.839,0.472,0.3,1.0,0.269,0.444,33.0,0.0,13.3,0.453,82.0,NBA,1912.0,SG,2001-02,DET,Michael Curry
14.0,0.0,0.231,0.061,0.445,0.764,0.026,0.236,0.37,0.074,0.547,0.429,0.402,0.868,0.434,0.0,1.0,0.296,0.2,34.0,0.0,15.6,0.402,78.0,NBA,1555.0,SF,2002-03,DET,Michael Curry
9.0,0.0,0.199,0.133,0.515,0.923,0.077,0.077,0.667,0.046,0.59,0.154,0.386,0.808,0.403,0.467,1.0,0.2,0.3,35.0,0.0,14.1,0.388,70.0,NBA,1229.0,SF,2003-04,TOR,Michael Curry
0.0,0.0,0.276,0.103,0.621,1.0,0.0,0.0,0.0,0.0,0.5,0.667,0.389,0.846,0.448,0.0,0.0,0.0,0.0,36.0,0.0,13.2,0.448,18.0,NBA,249.0,SF,2004-05,IND,Michael Curry
0.0,0.0,0.151,0.059,0.193,0.479,0.076,0.521,0.21,0.0,0.222,0.143,0.391,0.5,0.316,0.444,0.8,0.403,0.385,22.0,0.0,19.0,0.361,24.0,NBA,344.0,PG,1998-99,TOT,Damon Jones
0.0,0.0,0.136,0.023,0.159,0.341,0.023,0.659,0.207,0.0,0.0,0.0,0.571,1.0,0.267,0.0,1.0,0.345,0.333,22.0,0.0,21.7,0.318,11.0,NBA,131.0,PG,1998-99,NJN,Damon Jones
0.0,0.0,0.16,0.08,0.213,0.56,0.107,0.44,0.212,0.0,0.333,0.167,0.313,0.357,0.333,0.5,0.667,0.455,0.429,22.0,0.0,17.3,0.387,13.0,NBA,213.0,PG,1998-99,BOS,Damon Jones
0.0,0.0,0.221,0.077,0.115,0.452,0.038,0.548,0.316,0.0,0.609,0.25,0.208,0.282,0.415,0.25,0.683,0.36,0.472,23.0,0.0,18.0,0.385,55.0,NBA,612.0,PG,1999-00,TOT,Damon Jones
0.0,0.0,0.333,0.111,0.093,0.574,0.037,0.426,0.261,0.0,0.556,0.167,0.4,0.286,0.452,0.5,0.909,0.478,0.5,23.0,0.0,15.3,0.463,13.0,NBA,196.0,PG,1999-00,GSW,Damon Jones
0.0,0.0,0.182,0.065,0.123,0.409,0.039,0.591,0.33,0.0,0.643,0.3,0.158,0.28,0.397,0.167,0.6,0.33,0.467,23.0,0.0,18.9,0.357,42.0,NBA,416.0,PG,1999-00,DAL,Damon Jones
1.0,0.0,0.166,0.041,0.166,0.445,0.072,0.555,0.342,0.002,0.667,0.412,0.319,0.535,0.465,0.367,0.738,0.364,0.291,24.0,0.0,18.1,0.409,71.0,NBA,1415.0,PG,2000-01,VAN,Damon Jones
0.0,0.0,0.158,0.063,0.102,0.345,0.021,0.655,0.446,0.0,0.6,0.333,0.379,0.356,0.459,0.167,0.913,0.371,0.373,25.0,0.0,19.5,0.401,67.0,NBA,1083.0,PG,2001-02,DET,Damon Jones
0.0,0.0,0.114,0.057,0.219,0.424,0.033,0.576,0.38,0.0,0.542,0.417,0.304,0.417,0.404,0.571,0.864,0.364,0.435,26.0,0.0,19.5,0.381,49.0,NBA,709.0,PG,2002-03,SAC,Damon Jones
0.0,0.0,0.105,0.095,0.24,0.479,0.038,0.521,0.275,0.0,0.6,0.42,0.397,0.348,0.446,0.4,0.776,0.359,0.32,27.0,0.0,19.2,0.401,82.0,NBA,2016.0,PG,2003-04,MIL,Damon Jones
0.0,0.0,0.072,0.037,0.158,0.282,0.015,0.718,0.194,0.0,0.692,0.37,0.461,0.443,0.517,0.636,0.791,0.432,0.465,28.0,0.0,21.5,0.456,82.0,NBA,2576.0,PG,2004-05,MIA,Damon Jones
0.0,0.0,0.069,0.029,0.126,0.244,0.02,0.756,0.31,0.0,0.559,0.286,0.387,0.48,0.417,0.3,0.907,0.377,0.417,29.0,0.0,21.7,0.387,82.0,NBA,2089.0,PG,2005-06,CLE,Damon Jones
0.0,0.0,0.065,0.051,0.208,0.349,0.025,0.651,0.39,0.0,0.522,0.333,0.365,0.5,0.387,0.333,0.854,0.385,0.389,30.0,0.0,21.0,0.386,60.0,NBA,1173.0,PG,2006-07,CLE,Damon Jones
0.0,0.0,0.058,0.036,0.118,0.24,0.028,0.76,0.482,0.0,0.714,0.462,0.326,0.472,0.414,0.1,0.965,0.417,0.451,31.0,0.0,21.6,0.416,67.0,NBA,1336.0,SG,2007-08,CLE,Damon Jones
0.0,0.0,0.029,0.029,0.118,0.176,0.0,0.824,0.286,0.0,0.0,0.0,0.0,0.0,0.0,0.0,0.909,0.393,0.5,32.0,0.0,23.7,0.324,18.0,NBA,108.0,PG,2008-09,MIL,Damon Jones
0.0,0.0,0.0,1.0,0.0,1.0,0.0,0.0,0.0,0.0,0.0,1.0,0.0,1.0,1.0,0.0,0.0,0.0,0.0,23.0,0.0,12.0,1.0,2.0,NBA,6.0,C,1998-99,DET,Mikki Moore
26.0,0.0,0.379,0.164,0.207,1.0,0.25,0.0,0.0,0.207,0.811,0.435,0.483,0.54,0.621,0.571,0.0,0.0,0.0,24.0,0.0,8.7,0.621,29.0,NBA,488.0,C,1999-00,DET,Mikki Moore
48.0,0.0,0.504,0.142,0.142,0.996,0.209,0.004,0.0,0.198,0.696,0.316,0.211,0.583,0.494,0.321,0.0,0.0,0.0,25.0,0.0,6.0,0.493,81.0,NBA,1154.0,C,2000-01,DET,Mikki Moore
11.0,0.0,0.426,0.131,0.279,0.967,0.131,0.033,0.5,0.213,0.615,0.625,0.294,0.679,0.475,0.25,1.0,0.5,1.0,26.0,0.0,8.8,0.475,30.0,NBA,217.0,C,2001-02,DET,Mikki Moore
1.0,0.0,0.308,0.154,0.462,1.0,0.077,0.0,0.0,0.077,0.5,0.5,0.333,0.8,0.385,0.0,0.0,0.0,0.0,27.0,0.0,11.2,0.385,8.0,NBA,43.0,C,2002-03,TOT,Mikki Moore
0.0,0.0,0.0,0.0,1.0,1.0,0.0,0.0,0.0,0.0,0.0,0.0,0.0,0.0,0.0,0.0,0.0,0.0,0.0,27.0,0.0,17.1,0.0,3.0,NBA,12.0,C,2002-03,BOS,Mikki Moore
1.0,0.0,0.333,0.167,0.417,1.0,0.083,0.0,0.0,0.083,0.5,0.5,0.4,0.8,0.417,0.0,0.0,0.0,0.0,27.0,0.0,10.7,0.417,5.0,NBA,31.0,C,2002-03,ATL,Mikki Moore
15.0,0.0,0.424,0.172,0.212,1.0,0.192,0.0,0.0,0.162,0.69,0.235,0.333,0.64,0.505,0.526,0.0,0.0,0.0,28.0,0.0,7.5,0.505,32.0,NBA,395.0,"C,PF",2003-04,TOT,Mikki Moore
0.0,0.0,0.0,0.4,0.0,1.0,0.6,0.0,0.0,0.0,0.0,0.0,0.0,0.0,0.2,0.333,0.0,0.0,0.0,28.0,0.0,10.3,0.2,4.0,NBA,10.0,C,2003-04,NJN,Mikki Moore
15.0,0.0,0.447,0.16,0.223,1.0,0.17,0.0,0.0,0.17,0.69,0.267,0.333,0.653,0.521,0.563,0.0,0.0,0.0,28.0,0.0,7.4,0.521,28.0,NBA,385.0,PF,2003-04,UTA,Mikki Moore
49.0,0.0,0.46,0.129,0.209,0.983,0.185,0.017,0.2,0.188,0.644,0.324,0.367,0.671,0.507,0.453,1.0,0.2,1.0,29.0,0.0,7.5,0.502,74.0,NBA,1178.0,PF,2004-05,LAC,Mikki Moore
19.0,0.0,0.387,0.129,0.306,0.984,0.161,0.016,0.5,0.177,0.646,0.313,0.316,0.648,0.443,0.3,0.0,0.0,0.0,30.0,0.0,9.0,0.435,47.0,NBA,583.0,C,2005-06,SEA,Mikki Moore
101.0,0.0,0.518,0.101,0.271,0.998,0.109,0.002,0.0,0.221,0.687,0.471,0.584,0.786,0.61,0.436,0.0,0.0,0.0,31.0,0.0,7.2,0.609,79.0,NBA,2082.0,C,2006-07,NJN,Mikki Moore
96.0,0.0,0.509,0.057,0.229,0.996,0.2,0.004,0.5,0.209,0.719,0.357,0.446,0.72,0.579,0.439,0.0,0.0,0.0,32.0,0.0,6.6,0.577,82.0,NBA,2385.0,PF,2007-08,SAC,Mikki Moore
32.0,0.0,0.466,0.073,0.345,1.0,0.117,0.0,0.0,0.175,0.646,0.333,0.451,0.763,0.553,0.625,0.0,0.0,0.0,33.0,0.0,8.4,0.553,70.0,NBA,1202.0,"C,PF",2008-09,TOT,Mikki Moore
19.0,0.0,0.479,0.05,0.314,1.0,0.157,0.0,0.0,0.174,0.621,0.167,0.395,0.778,0.521,0.579,0.0,0.0,0.0,33.0,0.0,7.6,0.521,46.0,NBA,746.0,PF,2008-09,SAC,Mikki Moore
13.0,0.0,0.447,0.106,0.388,1.0,0.059,0.0,0.0,0.176,0.684,0.444,0.515,0.745,0.6,0.8,0.0,0.0,0.0,33.0,0.0,9.6,0.6,24.0,NBA,456.0,C,2008-09,BOS,Mikki Moore
18.0,0.0,0.389,0.078,0.411,1.0,0.122,0.0,0.0,0.2,0.857,0.429,0.459,0.741,0.6,0.364,0.0,0.0,0.0,34.0,0.0,9.7,0.6,23.0,NBA,406.0,C,2009-10,GSW,Mikki Moore
1.0,0.0,0.25,0.15,0.45,1.0,0.15,0.0,0.0,0.05,0.4,0.667,0.222,0.889,0.45,1.0,0.0,0.0,0.0,36.0,0.0,11.7,0.45,7.0,NBA,118.0,C,2011-12,GSW,Mikki Moore
23.0,0.0,0.316,0.238,0.04,1.0,0.406,0.0,0.0,0.064,0.72,0.382,0.333,0.667,0.505,0.428,0.0,0.0,0.0,29.0,0.0,6.7,0.505,74.0,NBA,1179.0,C,2001-02,DET,Željko Rebrača
4.0,0.0,0.283,0.317,0.048,1.0,0.352,0.0,0.0,0.034,0.683,0.37,0.714,0.713,0.552,0.588,0.0,0.0,0.0,30.0,0.0,7.4,0.552,30.0,NBA,488.0,C,2002-03,DET,Željko Rebrača
2.0,0.0,0.234,0.377,0.052,1.0,0.338,0.0,0.0,0.026,0.722,0.345,0.75,0.471,0.442,0.308,0.0,0.0,0.0,31.0,0.0,8.1,0.442,24.0,NBA,273.0,C,2003-04,TOT,Željko Rebrača
2.0,0.0,0.259,0.333,0.037,1.0,0.37,0.0,0.0,0.037,0.714,0.278,1.0,0.455,0.407,0.25,0.0,0.0,0.0,31.0,0.0,7.5,0.407,21.0,NBA,222.0,C,2003-04,DET,Željko Rebrača
0.0,0.0,0.174,0.478,0.087,1.0,0.261,0.0,0.0,0.0,0.75,0.455,0.5,0.5,0.522,0.5,0.0,0.0,0.0,31.0,0.0,9.5,0.522,3.0,NBA,51.0,C,2003-04,ATL,Željko Rebrača
6.0,0.0,0.291,0.256,0.043,1.0,0.41,0.0,0.0,0.03,0.574,0.517,0.3,0.669,0.568,0.625,0.0,0.0,0.0,32.0,0.0,6.9,0.568,58.0,NBA,928.0,C,2004-05,LAC,Željko Rebrača
1.0,0.0,0.281,0.229,0.01,1.0,0.479,0.0,0.0,0.01,0.704,0.455,1.0,0.788,0.542,0.478,0.0,0.0,0.0,33.0,0.0,6.4,0.542,29.0,NBA,412.0,C,2005-06,LAC,Željko Rebrača
34.0,0.0,0.213,0.154,0.093,0.664,0.204,0.336,0.066,0.036,0.577,0.398,0.495,0.61,0.466,0.39,0.934,0.346,0.261,30.0,2.0,14.0,0.426,81.0,NBA,3077.0,SF,1996-97,POR,Clifford Robinson
48.0,0.0,0.321,0.171,0.112,0.906,0.303,0.094,0.155,0.059,0.662,0.307,0.4,0.674,0.496,0.461,0.926,0.321,0.308,31.0,0.0,10.0,0.479,80.0,NBA,2359.0,SF,1997-98,PHO,Clifford Robinson
31.0,0.0,0.251,0.154,0.149,0.779,0.224,0.221,0.137,0.052,0.677,0.351,0.468,0.726,0.492,0.397,1.0,0.417,0.526,32.0,0.0,12.7,0.475,50.0,NBA,1740.0,SF,1998-99,PHO,Clifford Robinson
36.0,0.0,0.206,0.158,0.144,0.716,0.208,0.284,0.191,0.033,0.66,0.444,0.509,0.729,0.501,0.382,0.983,0.37,0.468,33.0,0.0,13.8,0.464,80.0,NBA,2839.0,SF,1999-00,PHO,Clifford Robinson
31.0,0.0,0.196,0.172,0.196,0.79,0.226,0.21,0.277,0.03,0.631,0.407,0.366,0.757,0.439,0.358,1.0,0.361,0.362,34.0,0.0,12.6,0.422,82.0,NBA,2751.0,PF,2000-01,PHO,Clifford Robinson
9.0,0.0,0.146,0.196,0.196,0.716,0.179,0.284,0.211,0.009,0.577,0.373,0.416,0.64,0.443,0.44,0.974,0.378,0.328,35.0,0.0,14.6,0.425,80.0,NBA,2855.0,PF,2001-02,DET,Clifford Robinson
10.0,1.0,0.156,0.161,0.2,0.723,0.205,0.277,0.158,0.011,0.534,0.311,0.369,0.593,0.422,0.474,0.954,0.336,0.317,36.0,2.0,14.4,0.398,81.0,NBA,2825.0,PF,2002-03,DET,Clifford Robinson
3.0,0.0,0.106,0.12,0.255,0.668,0.187,0.332,0.121,0.003,0.63,0.336,0.349,0.563,0.403,0.39,0.991,0.357,0.289,37.0,1.0,16.1,0.387,82.0,NBA,2846.0,PF,2003-04,GSW,Clifford Robinson
6.0,0.0,0.111,0.101,0.262,0.631,0.157,0.369,0.254,0.013,0.534,0.321,0.387,0.785,0.409,0.415,0.97,0.347,0.347,38.0,1.0,16.5,0.386,71.0,NBA,1689.0,"C,PF",2004-05,TOT,Clifford Robinson
3.0,0.0,0.085,0.102,0.28,0.641,0.175,0.359,0.213,0.008,0.6,0.389,0.374,0.798,0.436,0.484,0.952,0.331,0.333,38.0,1.0,16.8,0.398,42.0,NBA,1090.0,C,2004-05,GSW,Clifford Robinson
3.0,0.0,0.166,0.101,0.225,0.609,0.118,0.391,0.333,0.024,0.464,0.176,0.421,0.75,0.35,0.2,1.0,0.379,0.364,38.0,0.0,16.0,0.361,29.0,NBA,599.0,PF,2004-05,NJN,Clifford Robinson
8.0,0.0,0.135,0.14,0.283,0.659,0.101,0.341,0.291,0.016,0.594,0.333,0.462,0.855,0.47,0.519,0.983,0.343,0.373,39.0,1.0,16.4,0.427,80.0,NBA,1863.0,PF,2005-06,NJN,Clifford Robinson
0.0,0.0,0.106,0.078,0.353,0.697,0.161,0.303,0.439,0.0,0.478,0.353,0.338,0.911,0.368,0.371,1.0,0.379,0.483,40.0,0.0,16.1,0.372,50.0,NBA,955.0,C,2006-07,NJN,Clifford Robinson
115.0,0.0,0.433,0.117,0.116,0.739,0.073,0.261,0.108,0.09,0.514,0.288,0.368,0.564,0.446,0.417,0.735,0.298,0.459,22.0,1.0,13.3,0.407,81.0,NBA,3166.0,SG,1996-97,PHI,Jerry Stackhouse
94.0,0.0,0.363,0.128,0.196,0.8,0.113,0.2,0.133,0.098,0.644,0.288,0.419,0.618,0.483,0.3,0.872,0.241,0.269,23.0,1.0,12.8,0.435,79.0,NBA,2545.0,"SF,SG",1997-98,TOT,Jerry Stackhouse
22.0,0.0,0.314,0.159,0.208,0.837,0.155,0.163,0.109,0.078,0.674,0.378,0.373,0.696,0.473,0.295,0.938,0.348,0.6,23.0,0.0,12.1,0.452,22.0,NBA,748.0,SF,1997-98,PHI,Jerry Stackhouse
72.0,0.0,0.383,0.116,0.191,0.785,0.095,0.215,0.141,0.107,0.634,0.238,0.439,0.585,0.488,0.303,0.839,0.208,0.19,23.0,1.0,13.1,0.428,57.0,NBA,1797.0,SG,1997-98,DET,Jerry Stackhouse
30.0,0.0,0.316,0.143,0.193,0.742,0.09,0.258,0.175,0.066,0.539,0.371,0.277,0.555,0.403,0.25,0.943,0.278,0.364,24.0,0.0,14.4,0.371,42.0,NBA,1188.0,SG,1998-99,DET,Jerry Stackhouse
132.0,0.0,0.357,0.127,0.236,0.801,0.082,0.199,0.33,0.097,0.585,0.342,0.399,0.485,0.462,0.297,0.88,0.288,0.389,25.0,2.0,13.5,0.428,82.0,NBA,3148.0,SG,1999-00,DET,Jerry Stackhouse
45.0,0.0,0.231,0.179,0.295,0.755,0.049,0.245,0.288,0.025,0.592,0.348,0.355,0.431,0.418,0.234,0.777,0.351,0.338,26.0,0.0,14.5,0.402,80.0,NBA,3215.0,SG,2000-01,DET,Jerry Stackhouse
64.0,0.0,0.249,0.19,0.283,0.773,0.05,0.227,0.363,0.055,0.565,0.335,0.391,0.443,0.43,0.333,0.756,0.287,0.367,27.0,1.0,13.9,0.397,76.0,NBA,2685.0,SF,2001-02,DET,Jerry Stackhouse
42.0,0.0,0.197,0.204,0.275,0.796,0.12,0.204,0.376,0.036,0.637,0.371,0.388,0.474,0.439,0.347,0.845,0.29,0.272,28.0,0.0,13.9,0.409,70.0,NBA,2747.0,SG,2002-03,WAS,Jerry Stackhouse
9.0,0.0,0.199,0.221,0.265,0.798,0.112,0.202,0.277,0.028,0.641,0.38,0.318,0.476,0.41,0.278,0.913,0.354,0.5,29.0,0.0,13.8,0.399,26.0,NBA,774.0,SF,2003-04,WAS,Jerry Stackhouse
30.0,0.0,0.272,0.178,0.276,0.819,0.092,0.181,0.417,0.047,0.539,0.39,0.399,0.426,0.446,0.426,0.906,0.267,0.34,30.0,3.0,12.9,0.414,56.0,NBA,1617.0,SG,2004-05,DAL,Jerry Stackhouse
17.0,0.0,0.194,0.221,0.28,0.784,0.09,0.216,0.477,0.032,0.53,0.383,0.42,0.383,0.436,0.407,1.0,0.277,0.323,31.0,1.0,14.2,0.401,55.0,NBA,1525.0,SG,2005-06,DAL,Jerry Stackhouse
17.0,0.0,0.17,0.217,0.291,0.752,0.075,0.248,0.494,0.026,0.595,0.331,0.463,0.427,0.443,0.347,0.984,0.383,0.375,32.0,1.0,15.1,0.428,67.0,NBA,1615.0,SF,2006-07,DAL,Jerry Stackhouse
21.0,0.0,0.228,0.167,0.217,0.65,0.038,0.35,0.467,0.042,0.608,0.307,0.404,0.549,0.447,0.35,0.85,0.326,0.36,33.0,2.0,15.2,0.405,58.0,NBA,1412.0,SG,2007-08,DAL,Jerry Stackhouse
2.0,0.0,0.233,0.167,0.25,0.683,0.033,0.317,0.421,0.033,0.5,0.3,0.2,0.462,0.317,0.0,1.0,0.158,0.125,34.0,0.0,14.8,0.267,10.0,NBA,162.0,SG,2008-09,DAL,Jerry Stackhouse
4.0,0.0,0.13,0.184,0.225,0.589,0.051,0.411,0.492,0.016,0.488,0.483,0.423,0.655,0.452,0.375,0.978,0.346,0.391,35.0,1.0,17.4,0.408,42.0,NBA,855.0,SG,2009-10,MIL,Jerry Stackhouse
0.0,0.0,0.083,0.333,0.167,0.667,0.083,0.333,0.5,0.0,1.0,0.25,0.0,0.0,0.25,0.0,1.0,0.25,0.5,36.0,1.0,18.1,0.25,7.0,NBA,50.0,SG,2010-11,MIA,Jerry Stackhouse
4.0,0.0,0.18,0.13,0.25,0.62,0.06,0.38,0.711,0.04,0.444,0.231,0.36,0.708,0.387,0.667,0.923,0.342,0.296,37.0,0.0,16.3,0.37,30.0,NBA,273.0,SF,2011-12,ATL,Jerry Stackhouse
2.0,0.0,0.058,0.18,0.18,0.483,0.064,0.517,0.663,0.012,0.6,0.516,0.323,0.5,0.434,0.364,0.967,0.337,0.39,38.0,0.0,18.9,0.384,37.0,NBA,544.0,SF,2012-13,BRK,Jerry Stackhouse
0.0,0.0,0.667,0.0,0.333,1.0,0.0,0.0,0.0,0.0,1.0,0.0,0.0,1.0,0.667,0.0,0.0,0.0,0.0,22.0,0.0,6.6,0.667,1.0,NBA,6.0,C,2001-02,DET,Ratko Varda
7.0,0.0,0.761,0.043,0.0,1.0,0.196,0.0,0.0,0.152,0.371,0.5,0.0,0.5,0.348,0.222,0.0,0.0,0.0,22.0,0.0,8.4,0.348,34.0,NBA,197.0,PF,1996-97,WSB,Ben Wallace
47.0,0.0,0.787,0.024,0.0,1.0,0.189,0.0,0.0,0.305,0.605,0.0,0.0,0.659,0.518,0.226,0.0,0.0,0.0,23.0,0.0,4.2,0.518,67.0,NBA,1124.0,C,1997-98,WAS,Ben Wallace
58.0,0.0,0.764,0.025,0.005,1.0,0.201,0.0,0.0,0.322,0.632,0.2,1.0,0.678,0.578,0.4,0.0,0.0,0.0,24.0,0.0,3.6,0.578,46.0,NBA,1231.0,C,1998-99,WAS,Ben Wallace
81.0,0.0,0.62,0.042,0.033,1.0,0.305,0.0,0.0,0.278,0.633,0.143,0.364,0.565,0.503,0.304,0.0,0.0,0.0,25.0,0.0,6.0,0.503,81.0,NBA,1959.0,PF,1999-00,ORL,Ben Wallace
78.0,0.0,0.665,0.059,0.073,0.991,0.196,0.009,0.0,0.191,0.61,0.308,0.281,0.551,0.492,0.233,1.0,0.25,0.0,26.0,1.0,3.7,0.49,80.0,NBA,2760.0,C,2000-01,DET,Ben Wallace
115.0,0.0,0.698,0.079,0.058,0.994,0.158,0.006,0.333,0.267,0.639,0.263,0.286,0.592,0.535,0.303,0.0,0.0,0.0,27.0,1.0,3.4,0.531,80.0,NBA,2921.0,C,2001-02,DET,Ben Wallace
92.0,0.0,0.62,0.117,0.124,0.986,0.126,0.014,0.167,0.243,0.605,0.255,0.278,0.632,0.485,0.309,1.0,0.167,0.0,28.0,1.0,5.0,0.481,73.0,NBA,2873.0,C,2002-03,DET,Ben Wallace
113.0,0.0,0.61,0.131,0.086,0.989,0.163,0.011,0.125,0.178,0.544,0.224,0.313,0.618,0.424,0.197,1.0,0.125,0.0,29.0,2.0,4.9,0.421,81.0,NBA,3050.0,C,2003-04,DET,Ben Wallace
112.0,0.0,0.665,0.094,0.097,0.986,0.131,0.014,0.0,0.204,0.561,0.279,0.222,0.633,0.458,0.235,1.0,0.111,0.0,30.0,1.0,4.4,0.453,74.0,NBA,2671.0,C,2004-05,DET,Ben Wallace
124.0,0.0,0.753,0.095,0.041,0.991,0.103,0.009,0.5,0.312,0.606,0.273,0.158,0.646,0.514,0.208,0.0,0.0,0.0,31.0,0.0,3.0,0.51,82.0,NBA,2890.0,C,2005-06,DET,Ben Wallace
47.0,0.0,0.66,0.111,0.024,0.988,0.193,0.012,0.0,0.127,0.525,0.277,0.4,0.592,0.456,0.329,1.0,0.2,0.0,32.0,1.0,3.7,0.453,77.0,NBA,2697.0,C,2006-07,CHI,Ben Wallace
52.0,0.0,0.656,0.099,0.034,0.989,0.199,0.011,0.25,0.196,0.506,0.229,0.083,0.688,0.397,0.171,0.0,0.0,0.0,33.0,1.0,3.8,0.392,72.0,NBA,2205.0,"C,PF",2007-08,TOT,Ben Wallace
38.0,0.0,0.635,0.111,0.044,0.985,0.196,0.015,0.25,0.173,0.483,0.267,0.083,0.683,0.378,0.17,0.0,0.0,0.0,33.0,1.0,4.2,0.373,50.0,NBA,1627.0,C,2007-08,CHI,Ben Wallace
14.0,0.0,0.728,0.062,0.0,1.0,0.21,0.0,0.0,0.272,0.576,0.0,0.0,0.703,0.457,0.176,0.0,0.0,0.0,33.0,0.0,2.5,0.457,22.0,NBA,578.0,PF,2007-08,CLE,Ben Wallace
23.0,0.0,0.703,0.071,0.084,1.0,0.142,0.0,0.0,0.206,0.541,0.273,0.154,0.638,0.445,0.227,0.0,0.0,0.0,34.0,0.0,3.8,0.445,56.0,NBA,1314.0,PF,2008-09,CLE,Ben Wallace
50.0,0.0,0.812,0.034,0.038,0.993,0.11,0.007,0.0,0.202,0.608,0.1,0.364,0.595,0.545,0.281,0.0,0.0,0.0,35.0,0.0,2.1,0.541,69.0,NBA,1975.0,C,2009-10,DET,Ben Wallace
10.0,0.0,0.765,0.06,0.013,0.987,0.148,0.013,0.0,0.101,0.518,0.333,0.0,0.5,0.449,0.182,1.0,0.5,0.0,36.0,1.0,3.0,0.45,54.0,NBA,1238.0,C,2010-11,DET,Ben Wallace
3.0,0.0,0.558,0.116,0.07,0.953,0.209,0.047,0.25,0.058,0.479,0.3,0.333,0.545,0.402,0.278,1.0,0.25,1.0,37.0,0.0,5.9,0.395,62.0,NBA,980.0,C,2011-12,DET,Ben Wallace
2.0,0.0,0.233,0.117,0.283,0.85,0.217,0.15,0.222,0.05,0.571,0.143,0.353,0.263,0.373,0.308,0.5,0.222,0.0,21.0,0.0,12.1,0.35,16.0,NBA,129.0,SF,2001-02,DET,Rodney White
29.0,0.0,0.243,0.078,0.292,0.79,0.177,0.21,0.269,0.052,0.6,0.34,0.371,0.61,0.452,0.434,0.969,0.239,0.194,22.0,0.0,13.1,0.408,72.0,NBA,1563.0,SG,2002-03,DEN,Rodney White
28.0,0.0,0.222,0.085,0.389,0.814,0.118,0.186,0.092,0.071,0.654,0.375,0.434,0.692,0.478,0.364,0.879,0.379,0.375,23.0,1.0,14.3,0.459,72.0,NBA,985.0,SF,2003-04,DEN,Rodney White
10.0,0.0,0.173,0.087,0.394,0.792,0.138,0.208,0.133,0.038,0.66,0.4,0.342,0.649,0.424,0.375,0.917,0.4,0.25,24.0,1.0,15.2,0.419,58.0,NBA,677.0,SF,2004-05,TOT,Rodney White
6.0,0.0,0.141,0.079,0.449,0.806,0.137,0.194,0.091,0.026,0.656,0.5,0.353,0.608,0.432,0.419,0.947,0.432,0.25,24.0,1.0,15.9,0.432,42.0,NBA,531.0,SF,2004-05,DEN,Rodney White
4.0,0.0,0.29,0.113,0.194,0.742,0.145,0.258,0.25,0.081,0.667,0.143,0.25,0.833,0.391,0.222,0.8,0.313,0.25,24.0,0.0,12.4,0.371,16.0,NBA,146.0,SF,2004-05,GSW,Rodney White
43.0,0.0,0.474,0.161,0.098,0.996,0.263,0.004,0.0,0.064,0.612,0.275,0.425,0.628,0.5,0.464,0.0,0.0,0.0,23.0,0.0,8.6,0.498,79.0,NBA,1992.0,SF,1996-97,SAC,Corliss Williamson
54.0,0.0,0.362,0.189,0.116,0.992,0.326,0.008,0.0,0.053,0.656,0.374,0.298,0.606,0.499,0.468,0.0,0.0,0.0,24.0,4.0,8.6,0.495,79.0,NBA,2819.0,SF,1997-98,SAC,Corliss Williamson
17.0,0.0,0.337,0.135,0.092,0.991,0.427,0.009,0.4,0.036,0.668,0.253,0.392,0.66,0.487,0.439,1.0,0.2,0.5,25.0,1.0,7.7,0.485,50.0,NBA,1374.0,SF,1998-99,SAC,Corliss Williamson
24.0,0.0,0.36,0.13,0.066,1.0,0.444,0.0,0.0,0.045,0.692,0.358,0.317,0.688,0.5,0.413,0.0,0.0,0.0,26.0,0.0,6.8,0.5,76.0,NBA,1707.0,SF,1999-00,SAC,Corliss Williamson
12.0,0.0,0.416,0.179,0.1,0.997,0.301,0.003,0.0,0.019,0.658,0.448,0.215,0.668,0.504,0.421,0.0,0.0,0.0,27.0,0.0,6.1,0.502,69.0,NBA,1686.0,SF,2000-01,TOT,Corliss Williamson
5.0,0.0,0.388,0.178,0.098,0.994,0.329,0.006,0.0,0.015,0.643,0.431,0.125,0.673,0.474,0.402,0.0,0.0,0.0,27.0,0.0,6.3,0.471,42.0,NBA,886.0,SF,2000-01,TOR,Corliss Williamson
7.0,0.0,0.444,0.18,0.102,1.0,0.273,0.0,0.0,0.022,0.671,0.466,0.303,0.663,0.534,0.443,0.0,0.0,0.0,27.0,0.0,6.0,0.534,27.0,NBA,800.0,SF,2000-01,DET,Corliss Williamson
23.0,0.0,0.442,0.195,0.114,0.994,0.243,0.006,0.6,0.035,0.626,0.357,0.359,0.612,0.512,0.5,1.0,0.2,0.333,28.0,0.0,6.5,0.51,78.0,NBA,1701.0,SF,2001-02,DET,Corliss Williamson
17.0,0.0,0.391,0.173,0.105,0.987,0.317,0.013,0.636,0.024,0.588,0.301,0.264,0.602,0.456,0.443,1.0,0.182,0.286,29.0,2.0,6.7,0.453,82.0,NBA,2061.0,SF,2002-03,DET,Corliss Williamson
12.0,0.0,0.447,0.183,0.063,1.0,0.307,0.0,0.0,0.02,0.647,0.355,0.368,0.711,0.505,0.416,0.0,0.0,0.0,30.0,0.0,5.7,0.505,79.0,NBA,1574.0,PF,2003-04,DET,Corliss Williamson
7.0,0.0,0.45,0.123,0.096,0.997,0.327,0.003,0.5,0.022,0.593,0.278,0.321,0.626,0.469,0.414,0.0,0.0,0.0,31.0,0.0,5.6,0.467,72.0,NBA,1527.0,PF,2004-05,TOT,Corliss Williamson
5.0,0.0,0.475,0.139,0.065,0.995,0.317,0.005,0.5,0.022,0.571,0.276,0.296,0.675,0.467,0.432,0.0,0.0,0.0,31.0,0.0,5.2,0.465,48.0,NBA,1056.0,PF,2004-05,PHI,Corliss Williamson
2.0,0.0,0.389,0.084,0.174,1.0,0.353,0.0,0.0,0.024,0.662,0.286,0.345,0.506,0.473,0.373,0.0,0.0,0.0,31.0,0.0,6.5,0.473,24.0,NBA,471.0,PF,2004-05,SAC,Corliss Williamson
3.0,0.0,0.369,0.136,0.136,0.981,0.34,0.019,1.0,0.029,0.5,0.214,0.214,0.537,0.406,0.457,1.0,1.0,1.0,32.0,0.0,7.1,0.417,37.0,NBA,362.0,SF,2005-06,SAC,Corliss Williamson
4.0,0.0,0.443,0.089,0.13,0.996,0.335,0.004,0.0,0.013,0.654,0.341,0.4,0.631,0.512,0.413,0.0,0.0,0.0,33.0,0.0,5.8,0.51,68.0,NBA,1337.0,PF,2006-07,SAC,Corliss Williamson
