SEASON,AGE,TEAM,LEAGUE,POS,G,GS,MP,FG,FGA,FG%,3P,3PA,3P%,2P,2PA,2P%,FT,FTA,FT%,ORB,DRB,TRB,AST,STL,BLK,TOV,PF,PTS,PLAYER
2006-07,21.0,POR,NBA,C,63.0,22.0,1392.0,6.2,12.4,0.503,0.0,0.1,0.0,6.2,12.3,0.505,2.1,3.0,0.722,3.7,4.3,8.1,0.6,0.6,1.9,1.1,4.8,14.6,LaMarcus Aldridge
2007-08,22.0,POR,NBA,PF,76.0,76.0,2649.0,7.6,15.8,0.484,0.0,0.1,0.143,7.6,15.7,0.486,3.1,4.0,0.762,3.0,4.9,7.9,1.7,0.7,1.3,1.7,3.3,18.3,LaMarcus Aldridge
2008-09,23.0,POR,NBA,PF,81.0,81.0,3004.0,7.2,14.9,0.484,0.1,0.3,0.25,7.1,14.6,0.489,3.1,4.0,0.781,2.8,4.4,7.3,1.9,0.9,0.9,1.5,2.5,17.6,LaMarcus Aldridge
2009-10,24.0,POR,NBA,PF,78.0,78.0,2922.0,7.1,14.4,0.495,0.1,0.2,0.313,7.1,14.2,0.498,2.8,3.7,0.757,2.4,5.4,7.7,2.0,0.8,0.6,1.3,2.8,17.2,LaMarcus Aldridge
2010-11,25.0,POR,NBA,PF,81.0,81.0,3211.0,7.9,15.9,0.5,0.0,0.3,0.174,7.9,15.6,0.505,3.9,5.0,0.791,3.1,4.8,7.9,1.9,0.9,1.1,1.7,2.5,19.8,LaMarcus Aldridge
2011-12,26.0,POR,NBA,PF,55.0,55.0,1994.0,8.7,17.0,0.512,0.0,0.2,0.182,8.7,16.8,0.516,4.0,4.9,0.814,2.7,5.3,8.0,2.4,0.9,0.8,2.0,2.8,21.5,LaMarcus Aldridge
2012-13,27.0,POR,NBA,PF,74.0,74.0,2790.0,8.2,17.0,0.484,0.0,0.2,0.143,8.2,16.8,0.488,3.6,4.5,0.81,2.3,6.4,8.6,2.5,0.8,1.2,1.8,2.4,20.1,LaMarcus Aldridge
2013-14,28.0,POR,NBA,PF,69.0,69.0,2498.0,9.4,20.5,0.458,0.0,0.2,0.2,9.4,20.3,0.461,4.3,5.2,0.822,2.4,8.6,11.0,2.6,0.9,1.0,1.8,2.1,23.1,LaMarcus Aldridge
2014-15,29.0,POR,NBA,PF,71.0,71.0,2512.0,9.4,20.3,0.466,0.5,1.5,0.352,8.9,18.8,0.475,4.4,5.2,0.845,2.5,7.9,10.4,1.8,0.7,1.0,1.7,1.8,23.8,LaMarcus Aldridge
2015-16,30.0,SAS,NBA,PF,74.0,74.0,2261.0,8.5,16.6,0.513,0.0,0.3,0.0,8.5,16.4,0.521,4.1,4.8,0.858,2.8,7.3,10.1,1.8,0.6,1.3,1.6,2.4,21.2,LaMarcus Aldridge
2016-17,31.0,SAS,NBA,PF,72.0,72.0,2335.0,7.7,16.2,0.477,0.4,0.9,0.411,7.4,15.3,0.48,3.4,4.2,0.812,2.7,5.4,8.1,2.1,0.7,1.4,1.5,2.4,19.2,LaMarcus Aldridge
2017-18,32.0,SAS,NBA,C,75.0,75.0,2509.0,9.9,19.3,0.51,0.4,1.3,0.293,9.5,18.0,0.526,4.8,5.7,0.837,3.5,5.6,9.1,2.2,0.6,1.3,1.6,2.3,24.9,LaMarcus Aldridge
2018-19,33.0,SAS,NBA,C,81.0,81.0,2687.0,9.2,17.7,0.519,0.1,0.6,0.238,9.0,17.1,0.528,4.7,5.5,0.847,3.4,6.6,10.0,2.6,0.6,1.4,1.9,2.4,23.1,LaMarcus Aldridge
2019-20,34.0,SAS,NBA,C,53.0,53.0,1754.0,8.0,16.3,0.493,1.3,3.2,0.389,6.8,13.1,0.519,3.2,3.9,0.827,2.1,5.9,8.0,2.6,0.7,1.8,1.5,2.6,20.5,LaMarcus Aldridge
2020-21,35.0,TOT,NBA,C,26.0,23.0,674.0,7.5,15.8,0.473,1.7,4.3,0.388,5.8,11.5,0.505,2.2,2.5,0.872,1.0,5.3,6.3,2.6,0.6,1.5,1.4,2.5,18.8,LaMarcus Aldridge
2020-21,35.0,SAS,NBA,C,21.0,18.0,544.0,7.6,16.4,0.464,1.8,5.0,0.36,5.8,11.4,0.509,2.1,2.4,0.838,1.1,5.1,6.2,2.4,0.5,1.2,1.3,2.4,19.1,LaMarcus Aldridge
2020-21,35.0,BRK,NBA,C,5.0,5.0,130.0,6.9,13.3,0.521,1.1,1.4,0.8,5.8,11.9,0.488,2.8,2.8,1.0,0.6,6.1,6.6,3.6,0.8,3.0,1.9,3.0,17.7,LaMarcus Aldridge
2021-22,36.0,BRK,NBA,C,47.0,12.0,1050.0,8.6,15.7,0.55,0.5,1.6,0.304,8.2,14.1,0.578,3.1,3.5,0.873,2.5,6.3,8.8,1.4,0.5,1.6,1.5,2.7,20.8,LaMarcus Aldridge
2010-11,21.0,POR,NBA,SF,24.0,0.0,137.0,3.9,14.5,0.273,0.8,4.2,0.188,3.2,10.2,0.308,0.8,2.4,0.333,1.6,6.3,7.9,1.6,0.5,0.5,2.1,3.9,9.5,Luke Babbitt
2011-12,22.0,POR,NBA,SF,40.0,4.0,537.0,4.8,11.6,0.41,2.9,6.7,0.43,1.9,4.9,0.384,1.1,1.3,0.85,1.1,5.3,6.4,1.1,0.7,0.3,1.8,3.1,13.5,Luke Babbitt
2012-13,23.0,POR,NBA,PF,62.0,0.0,730.0,4.2,11.5,0.368,3.1,8.8,0.348,1.2,2.8,0.429,0.5,0.6,0.769,0.7,6.0,6.8,1.4,0.7,0.2,1.1,4.0,12.0,Luke Babbitt
2013-14,24.0,NOP,NBA,PF,27.0,2.0,473.0,4.6,11.7,0.39,2.7,7.2,0.379,1.8,4.5,0.407,1.1,1.4,0.778,1.4,5.3,6.7,2.2,0.5,0.8,1.1,4.0,12.9,Luke Babbitt
2014-15,25.0,NOP,NBA,SF,63.0,19.0,830.0,4.0,8.3,0.479,2.6,5.0,0.513,1.4,3.3,0.429,0.6,0.8,0.684,0.5,4.3,4.8,1.0,0.7,0.5,1.1,2.7,11.1,Luke Babbitt
2015-16,26.0,NOP,NBA,SF,47.0,13.0,845.0,5.2,12.3,0.422,1.9,4.6,0.404,3.3,7.7,0.433,1.7,2.1,0.78,1.1,5.2,6.3,2.3,0.5,0.3,1.0,3.8,13.9,Luke Babbitt
2016-17,27.0,MIA,NBA,SF,68.0,55.0,1065.0,3.8,9.5,0.402,2.9,7.1,0.414,0.9,2.4,0.366,0.4,0.5,0.733,0.4,4.4,4.8,1.2,0.7,0.4,0.8,4.0,11.0,Luke Babbitt
2017-18,28.0,TOT,NBA,SF,50.0,14.0,715.0,4.6,10.8,0.423,3.0,7.9,0.385,1.6,3.0,0.525,0.9,1.1,0.773,0.4,4.5,4.8,1.6,0.4,0.4,1.0,2.7,13.0,Luke Babbitt
2017-18,28.0,ATL,NBA,SF,37.0,9.0,570.0,5.1,10.6,0.476,3.1,7.0,0.441,2.0,3.6,0.544,1.1,1.4,0.773,0.3,4.8,5.1,1.6,0.4,0.3,0.9,3.0,14.3,Luke Babbitt
2017-18,28.0,MIA,NBA,SF,13.0,5.0,145.0,2.7,11.7,0.234,2.7,11.2,0.244,0.0,0.5,0.0,0.0,0.0,0.0,0.5,3.2,3.7,1.2,0.2,0.5,1.0,1.7,8.2,Luke Babbitt
2005-06,24.0,MIA,NBA,C,8.0,0.0,45.0,4.0,12.8,0.313,0.0,0.0,0.0,4.0,12.8,0.313,2.4,3.2,0.75,1.6,6.4,8.0,0.0,0.0,0.0,4.0,8.0,10.4,Earl Barron
2006-07,25.0,MIA,NBA,C,28.0,0.0,203.0,4.3,14.7,0.289,0.0,0.2,0.0,4.3,14.5,0.293,3.0,3.2,0.944,3.4,3.9,7.3,0.9,1.1,0.7,2.0,3.7,11.5,Earl Barron
2007-08,26.0,MIA,NBA,C,46.0,15.0,889.0,5.3,13.2,0.404,0.0,0.5,0.077,5.3,12.7,0.417,2.5,3.5,0.701,2.7,5.3,8.0,1.2,0.8,0.3,1.9,4.6,13.2,Earl Barron
2009-10,28.0,NYK,NBA,C,7.0,6.0,232.0,4.7,10.6,0.441,0.0,0.0,0.0,4.7,10.6,0.441,3.4,4.5,0.759,4.8,7.1,11.9,1.2,0.6,0.6,1.7,3.7,12.7,Earl Barron
2010-11,29.0,TOT,NBA,C,21.0,7.0,305.0,3.8,11.7,0.323,0.0,0.0,0.0,3.8,11.7,0.323,1.8,2.8,0.625,3.8,5.2,9.0,1.3,0.9,0.7,1.9,5.4,9.3,Earl Barron
2010-11,29.0,PHO,NBA,C,12.0,6.0,183.0,2.4,10.0,0.235,0.0,0.0,0.0,2.4,10.0,0.235,2.4,3.9,0.6,3.1,4.7,7.9,0.8,1.2,0.8,2.2,6.3,7.1,Earl Barron
2010-11,29.0,MIL,NBA,C,7.0,0.0,85.0,7.2,15.7,0.459,0.0,0.0,0.0,7.2,15.7,0.459,0.8,0.8,1.0,5.1,4.2,9.3,1.7,0.8,0.8,0.8,4.2,15.2,Earl Barron
2010-11,29.0,POR,NBA,C,2.0,1.0,37.0,2.9,10.7,0.273,0.0,0.0,0.0,2.9,10.7,0.273,1.0,1.9,0.5,3.9,9.7,13.6,2.9,0.0,0.0,2.9,3.9,6.8,Earl Barron
2011-12,30.0,GSW,NBA,C,2.0,0.0,9.0,8.0,16.0,0.5,0.0,0.0,0.0,8.0,16.0,0.5,0.0,0.0,0.0,4.0,0.0,4.0,0.0,0.0,0.0,0.0,20.0,16.0,Earl Barron
2012-13,31.0,TOT,NBA,C,12.0,2.0,159.0,4.1,11.5,0.353,0.0,0.0,0.0,4.1,11.5,0.353,0.7,1.6,0.429,5.0,8.8,13.8,1.1,1.1,1.4,2.5,5.4,8.8,Earl Barron
2012-13,31.0,WAS,NBA,C,11.0,1.0,122.0,3.8,10.9,0.351,0.0,0.0,0.0,3.8,10.9,0.351,0.6,1.5,0.4,4.7,8.0,12.7,0.9,1.5,1.5,3.0,6.8,8.3,Earl Barron
2012-13,31.0,NYK,NBA,C,1.0,1.0,37.0,4.9,13.6,0.357,0.0,0.0,0.0,4.9,13.6,0.357,1.0,1.9,0.5,5.8,11.7,17.5,1.9,0.0,1.0,1.0,1.0,10.7,Earl Barron
2014-15,33.0,PHO,NBA,C,16.0,1.0,143.0,3.0,9.8,0.308,0.5,1.0,0.5,2.5,8.8,0.286,1.5,3.0,0.5,3.5,3.5,7.0,1.3,1.0,0.5,1.3,6.5,8.1,Earl Barron
2008-09,20.0,POR,NBA,SF,79.0,76.0,1454.0,4.0,8.9,0.446,1.5,4.2,0.369,2.5,4.8,0.513,1.0,1.3,0.808,2.1,3.4,5.4,1.8,1.2,1.0,1.2,3.4,10.5,Nicolas Batum
2009-10,21.0,POR,NBA,SF,37.0,25.0,918.0,5.5,10.5,0.519,2.1,5.2,0.409,3.3,5.3,0.625,1.7,2.0,0.843,1.3,4.3,5.5,1.7,0.9,1.0,1.1,3.3,14.7,Nicolas Batum
2010-11,22.0,POR,NBA,SF,80.0,67.0,2522.0,5.2,11.5,0.455,1.7,4.9,0.345,3.6,6.6,0.535,2.0,2.3,0.841,1.6,3.6,5.2,1.8,1.0,0.7,1.2,2.8,14.1,Nicolas Batum
2011-12,23.0,POR,NBA,SF,59.0,34.0,1791.0,5.8,12.9,0.451,2.2,5.5,0.391,3.7,7.4,0.496,2.7,3.2,0.836,1.6,3.8,5.4,1.7,1.1,1.2,1.8,2.1,16.4,Nicolas Batum
2012-13,24.0,POR,NBA,SF,73.0,73.0,2807.0,4.5,10.7,0.423,2.1,5.7,0.372,2.4,5.0,0.481,2.3,2.7,0.848,1.2,4.0,5.3,4.6,1.2,1.1,2.4,1.8,13.4,Nicolas Batum
2013-14,25.0,POR,NBA,SF,82.0,82.0,2956.0,4.6,10.0,0.465,1.8,4.9,0.361,2.9,5.1,0.566,2.0,2.5,0.803,1.4,6.0,7.4,5.1,0.9,0.7,2.5,1.9,13.0,Nicolas Batum
2014-15,26.0,POR,NBA,SF,71.0,71.0,2380.0,3.6,9.1,0.4,1.5,4.7,0.324,2.1,4.4,0.481,1.3,1.5,0.857,0.9,5.4,6.3,5.2,1.2,0.6,2.0,1.6,10.0,Nicolas Batum
2015-16,27.0,CHO,NBA,SF,70.0,70.0,2448.0,5.5,12.8,0.426,2.0,5.9,0.348,3.4,7.0,0.492,2.4,2.8,0.849,0.8,5.5,6.3,5.9,1.0,0.6,3.0,1.7,15.4,Nicolas Batum
2016-17,28.0,CHO,NBA,SG,77.0,77.0,2617.0,5.4,13.4,0.403,1.9,5.6,0.333,3.5,7.8,0.453,3.3,3.9,0.856,0.6,6.0,6.6,6.3,1.2,0.4,2.7,1.5,16.0,Nicolas Batum
2017-18,29.0,CHO,NBA,SG,64.0,64.0,1981.0,4.9,11.8,0.415,1.7,5.0,0.336,3.2,6.8,0.473,2.0,2.4,0.831,1.0,4.5,5.6,6.3,1.2,0.4,2.4,1.3,13.4,Nicolas Batum
2018-19,30.0,CHO,NBA,SF,75.0,72.0,2354.0,3.9,8.6,0.45,1.8,4.6,0.389,2.1,4.0,0.519,1.2,1.4,0.865,1.1,4.9,6.0,3.8,1.1,0.7,1.8,2.1,10.7,Nicolas Batum
2019-20,31.0,CHO,NBA,SF,22.0,3.0,505.0,2.0,5.8,0.346,1.0,3.5,0.286,1.0,2.3,0.438,0.6,0.7,0.9,1.8,5.3,7.1,4.7,1.2,0.6,1.6,2.9,5.6,Nicolas Batum
2020-21,32.0,LAC,NBA,SF,67.0,38.0,1835.0,3.7,8.1,0.464,2.2,5.3,0.404,1.6,2.7,0.579,0.9,1.1,0.828,1.0,5.2,6.2,2.9,1.4,0.7,1.0,2.0,10.6,Nicolas Batum
2021-22,33.0,LAC,NBA,PF,59.0,54.0,1462.0,4.4,9.5,0.463,2.7,6.6,0.4,1.7,2.9,0.607,0.6,0.9,0.658,0.7,5.5,6.3,2.5,1.4,1.0,1.0,2.0,12.1,Nicolas Batum
2022-23,34.0,LAC,NBA,PF,78.0,19.0,1709.0,3.4,8.0,0.42,2.6,6.7,0.391,0.8,1.3,0.563,0.7,1.0,0.708,1.3,5.0,6.3,2.5,1.1,0.9,1.1,3.1,10.1,Nicolas Batum
2009-10,22.0,POR,NBA,PF,63.0,2.0,707.0,5.4,10.9,0.495,0.0,0.1,0.0,5.4,10.8,0.5,1.6,2.4,0.646,2.7,5.4,8.1,0.7,1.2,1.1,0.8,4.9,12.4,Dante Cunningham
2010-11,23.0,TOT,NBA,PF,78.0,18.0,1637.0,4.8,10.4,0.462,0.0,0.3,0.077,4.8,10.1,0.473,1.0,1.4,0.726,2.1,4.0,6.1,0.9,1.2,0.9,1.1,3.9,10.6,Dante Cunningham
2010-11,23.0,POR,NBA,PF,56.0,9.0,1108.0,4.1,9.5,0.433,0.0,0.1,0.0,4.1,9.3,0.439,1.0,1.5,0.711,2.4,3.8,6.1,1.0,1.3,1.0,1.1,4.5,9.2,Dante Cunningham
2010-11,23.0,CHA,NBA,PF,22.0,9.0,529.0,6.3,12.3,0.508,0.1,0.6,0.111,6.2,11.7,0.529,0.9,1.2,0.765,1.6,4.4,6.0,0.9,1.0,0.7,1.2,2.6,13.5,Dante Cunningham
2011-12,24.0,MEM,NBA,PF,64.0,5.0,1124.0,4.6,8.9,0.516,0.0,0.1,0.0,4.6,8.9,0.52,1.4,2.2,0.652,2.9,5.0,7.9,1.2,1.3,1.1,0.9,3.1,10.7,Dante Cunningham
2012-13,25.0,MIN,NBA,PF,80.0,9.0,2010.0,5.6,12.0,0.468,0.0,0.1,0.0,5.6,11.9,0.472,1.2,1.8,0.65,2.5,4.8,7.3,1.2,1.5,0.7,1.0,2.7,12.4,Dante Cunningham
2013-14,26.0,MIN,NBA,PF,81.0,7.0,1635.0,5.2,11.2,0.464,0.0,0.1,0.0,5.2,11.1,0.468,0.8,1.5,0.567,2.5,4.8,7.3,1.8,1.4,1.3,0.9,3.2,11.2,Dante Cunningham
2014-15,27.0,NOP,NBA,PF,66.0,27.0,1652.0,3.4,7.4,0.457,0.0,0.2,0.1,3.4,7.2,0.468,0.6,1.0,0.617,1.5,4.1,5.6,1.1,1.0,0.8,0.8,2.2,7.4,Dante Cunningham
2015-16,28.0,NOP,NBA,SF,80.0,46.0,1971.0,3.4,7.5,0.451,1.0,3.2,0.316,2.4,4.3,0.55,1.0,1.5,0.695,1.0,3.3,4.3,1.4,0.8,0.6,0.7,3.2,8.8,Dante Cunningham
2016-17,29.0,NOP,NBA,PF,66.0,35.0,1649.0,3.8,7.8,0.485,1.6,4.0,0.392,2.2,3.9,0.579,0.3,0.6,0.593,1.2,4.8,6.0,0.8,0.9,0.6,0.6,2.2,9.5,Dante Cunningham
2017-18,30.0,TOT,NBA,SF,73.0,25.0,1562.0,3.8,8.4,0.451,1.3,3.9,0.345,2.4,4.5,0.541,0.7,1.2,0.596,1.8,5.1,6.9,1.1,0.9,0.7,0.8,2.6,9.6,Dante Cunningham
2017-18,30.0,NOP,NBA,SF,51.0,24.0,1115.0,3.2,7.3,0.44,1.1,3.5,0.324,2.1,3.8,0.547,0.6,1.2,0.556,1.6,4.6,6.2,0.8,0.9,0.5,0.5,2.4,8.2,Dante Cunningham
2017-18,30.0,BRK,NBA,SF,22.0,1.0,447.0,5.2,11.2,0.468,1.9,4.8,0.383,3.4,6.4,0.532,0.9,1.3,0.688,2.3,6.2,8.5,1.8,1.0,1.1,1.4,2.9,13.2,Dante Cunningham
2018-19,31.0,SAS,NBA,PF,64.0,21.0,928.0,2.9,6.1,0.475,1.2,2.5,0.462,1.7,3.6,0.484,0.5,0.7,0.778,1.9,5.4,7.3,1.9,1.0,0.5,0.9,2.8,7.5,Dante Cunningham
2008-09,23.0,POR,NBA,SG,78.0,4.0,1993.0,4.8,11.4,0.425,2.9,7.2,0.399,2.0,4.2,0.47,2.2,2.6,0.839,0.8,2.9,3.7,2.9,1.2,0.2,1.6,2.0,14.7,Rudy Fernández
2009-10,24.0,POR,NBA,SG,62.0,2.0,1441.0,4.0,10.6,0.378,2.4,6.6,0.368,1.5,3.9,0.395,2.1,2.4,0.867,0.9,3.2,4.1,3.2,1.5,0.3,1.8,2.2,12.6,Rudy Fernández
2010-11,25.0,POR,NBA,SG,78.0,3.0,1821.0,4.2,11.4,0.37,2.3,7.1,0.321,1.9,4.2,0.453,2.5,2.9,0.863,0.7,2.7,3.4,3.8,1.7,0.3,1.7,2.6,13.2,Rudy Fernández
2011-12,26.0,DEN,NBA,SG,31.0,1.0,710.0,5.0,11.4,0.44,2.0,6.2,0.328,3.0,5.2,0.573,1.5,2.2,0.698,0.5,2.8,3.3,3.8,1.6,0.2,2.0,1.9,13.6,Rudy Fernández
2010-11,21.0,POR,NBA,PG,38.0,0.0,277.0,6.0,13.1,0.455,0.6,1.6,0.417,5.3,11.6,0.461,1.7,2.9,0.591,1.4,3.2,4.7,5.8,0.6,0.1,4.9,4.0,14.3,Armon Johnson
2011-12,22.0,TOT,NBA,PG,9.0,0.0,124.0,5.8,12.5,0.465,0.3,0.9,0.333,5.5,11.6,0.475,1.7,1.7,1.0,0.3,3.5,3.8,3.2,1.5,0.0,1.7,2.6,13.6,Armon Johnson
2011-12,22.0,POR,NBA,PG,1.0,0.0,5.0,7.2,7.2,1.0,0.0,0.0,0.0,7.2,7.2,1.0,0.0,0.0,0.0,0.0,7.2,7.2,0.0,7.2,0.0,7.2,0.0,14.4,Armon Johnson
2011-12,22.0,NJN,NBA,PG,8.0,0.0,119.0,5.7,12.7,0.452,0.3,0.9,0.333,5.4,11.8,0.462,1.8,1.8,1.0,0.3,3.3,3.6,3.3,1.2,0.0,1.5,2.7,13.6,Armon Johnson
2010-11,25.0,TOT,NBA,C,14.0,1.0,138.0,2.3,5.5,0.429,0.0,0.0,0.0,2.3,5.5,0.429,3.9,5.2,0.75,3.1,5.2,8.3,0.8,0.8,2.3,2.6,5.5,8.6,Chris Johnson
2010-11,25.0,POR,NBA,C,10.0,1.0,106.0,2.4,6.1,0.389,0.0,0.0,0.0,2.4,6.1,0.389,4.4,6.1,0.722,3.7,5.4,9.2,0.7,1.0,2.0,2.7,6.1,9.2,Chris Johnson
2010-11,25.0,BOS,NBA,C,4.0,0.0,32.0,2.3,3.4,0.667,0.0,0.0,0.0,2.3,3.4,0.667,2.3,2.3,1.0,1.1,4.5,5.6,1.1,0.0,3.4,2.3,3.4,6.8,Chris Johnson
2011-12,26.0,TOT,NBA,C,27.0,0.0,175.0,4.1,8.4,0.488,0.0,0.0,0.0,4.1,8.4,0.488,3.1,3.9,0.789,3.1,5.1,8.2,0.4,1.2,1.9,3.1,6.8,11.3,Chris Johnson
2011-12,26.0,POR,NBA,C,20.0,0.0,93.0,4.3,8.9,0.478,0.0,0.0,0.0,4.3,8.9,0.478,3.9,4.6,0.833,3.1,3.9,7.0,0.4,0.4,3.1,2.7,7.7,12.4,Chris Johnson
2011-12,26.0,NOH,NBA,C,7.0,0.0,82.0,4.0,7.9,0.5,0.0,0.0,0.0,4.0,7.9,0.5,2.2,3.1,0.714,3.1,6.6,9.7,0.4,2.2,0.4,3.5,5.7,10.1,Chris Johnson
2012-13,27.0,MIN,NBA,C,30.0,0.0,284.0,6.1,9.5,0.64,0.0,0.0,0.0,6.1,9.5,0.64,2.7,4.3,0.618,2.5,5.1,7.6,1.0,0.9,3.5,1.6,6.2,14.8,Chris Johnson
2009-10,23.0,UTA,NBA,SG,82.0,48.0,2025.0,4.9,10.0,0.483,1.1,2.9,0.382,3.7,7.1,0.525,2.8,3.4,0.829,0.9,2.5,3.4,2.2,1.1,0.3,1.7,2.7,13.7,Wesley Matthews
2010-11,24.0,POR,NBA,SG,82.0,69.0,2758.0,5.7,12.8,0.449,2.0,4.9,0.407,3.7,7.8,0.476,3.5,4.1,0.844,0.6,2.7,3.4,2.1,1.3,0.1,1.8,2.5,17.0,Wesley Matthews
2011-12,25.0,POR,NBA,SG,66.0,53.0,2228.0,5.1,12.3,0.412,2.1,5.4,0.383,3.0,6.9,0.434,2.4,2.8,0.86,0.9,2.7,3.6,1.8,1.6,0.2,1.2,2.4,14.6,Wesley Matthews
2012-13,26.0,POR,NBA,SG,69.0,69.0,2403.0,5.3,12.1,0.436,2.5,6.4,0.398,2.7,5.7,0.478,2.2,2.8,0.797,0.5,2.3,2.9,2.6,1.3,0.3,1.6,2.6,15.3,Wesley Matthews
2013-14,27.0,POR,NBA,SG,82.0,82.0,2780.0,5.8,13.1,0.441,2.6,6.6,0.393,3.2,6.4,0.49,3.3,3.9,0.837,0.7,3.1,3.7,2.6,1.0,0.2,1.4,2.3,17.4,Wesley Matthews
2014-15,28.0,POR,NBA,SG,60.0,60.0,2024.0,6.0,13.4,0.448,3.1,7.9,0.389,2.9,5.5,0.534,1.9,2.6,0.752,0.7,3.3,3.9,2.5,1.4,0.2,1.4,2.3,17.0,Wesley Matthews
2015-16,29.0,DAL,NBA,SF,78.0,78.0,2644.0,4.5,11.6,0.388,2.6,7.1,0.36,1.9,4.5,0.432,1.7,2.0,0.863,0.4,2.9,3.2,2.1,1.1,0.2,1.1,2.4,13.3,Wesley Matthews
2016-17,30.0,DAL,NBA,SG,73.0,73.0,2495.0,4.8,12.2,0.393,2.5,6.9,0.363,2.3,5.3,0.432,2.1,2.6,0.816,0.3,3.5,3.7,3.0,1.1,0.2,1.5,2.3,14.2,Wesley Matthews
2017-18,31.0,DAL,NBA,SF,63.0,62.0,2131.0,4.8,11.8,0.406,2.6,6.8,0.381,2.2,5.0,0.441,1.4,1.7,0.822,0.5,2.9,3.3,2.9,1.3,0.3,1.4,2.4,13.5,Wesley Matthews
2018-19,32.0,TOT,NBA,"SF,SG",69.0,68.0,2091.0,4.8,12.0,0.4,2.6,6.9,0.372,2.2,5.1,0.437,2.3,2.8,0.81,0.6,2.4,2.9,2.8,0.9,0.3,1.6,2.8,14.5,Wesley Matthews
2018-19,32.0,DAL,NBA,SF,44.0,44.0,1312.0,5.3,12.9,0.414,2.7,7.2,0.38,2.6,5.7,0.456,2.4,3.0,0.791,0.5,2.3,2.8,2.7,0.9,0.3,1.6,2.8,15.8,Wesley Matthews
2018-19,32.0,NYK,NBA,SG,2.0,1.0,54.0,2.7,12.7,0.211,1.3,6.7,0.2,1.3,6.0,0.222,2.7,3.3,0.8,0.7,1.3,2.0,3.3,0.7,0.7,1.3,1.3,9.3,Wesley Matthews
2018-19,32.0,IND,NBA,SG,23.0,23.0,725.0,4.0,10.4,0.386,2.4,6.5,0.369,1.6,4.0,0.413,2.0,2.4,0.854,0.5,2.7,3.2,2.7,1.0,0.2,1.5,2.8,12.5,Wesley Matthews
2019-20,33.0,MIL,NBA,SG,67.0,67.0,1635.0,3.7,9.3,0.396,2.4,6.5,0.364,1.3,2.8,0.472,1.1,1.5,0.765,0.5,3.2,3.7,2.0,0.8,0.2,0.9,2.3,10.9,Wesley Matthews
2020-21,34.0,LAL,NBA,SG,58.0,10.0,1130.0,2.8,8.0,0.353,2.1,6.3,0.335,0.7,1.8,0.418,1.1,1.3,0.854,0.6,2.3,3.0,1.7,1.2,0.5,0.8,2.5,8.9,Wesley Matthews
2021-22,35.0,MIL,NBA,SG,49.0,14.0,1002.0,3.1,7.9,0.395,1.9,5.6,0.338,1.2,2.3,0.54,0.8,1.0,0.786,1.1,2.2,3.3,1.3,0.8,0.3,0.6,3.1,8.9,Wesley Matthews
2022-23,36.0,MIL,NBA,SF,52.0,0.0,820.0,2.5,7.0,0.363,1.7,5.4,0.315,0.8,1.6,0.528,1.1,1.2,0.857,1.5,3.5,5.0,1.5,0.9,0.6,0.8,3.1,7.9,Wesley Matthews
2009-10,21.0,POR,NBA,PG,10.0,0.0,38.0,9.5,22.7,0.417,1.9,3.8,0.5,7.6,18.9,0.4,3.8,6.6,0.571,0.9,0.9,1.9,4.7,0.0,0.0,3.8,5.7,24.6,Patty Mills
2010-11,22.0,POR,NBA,PG,64.0,0.0,783.0,6.2,15.1,0.412,2.2,6.1,0.353,4.0,9.0,0.451,1.7,2.2,0.766,0.9,1.5,2.3,5.0,1.2,0.0,2.9,2.9,16.2,Patty Mills
2011-12,23.0,SAS,NBA,PG,16.0,3.0,261.0,8.7,17.9,0.485,3.3,7.7,0.429,5.4,10.2,0.527,2.1,2.1,1.0,0.6,3.3,3.9,5.4,1.4,0.1,3.6,1.9,22.8,Patty Mills
2012-13,24.0,SAS,NBA,PG,58.0,2.0,656.0,6.2,13.2,0.469,2.9,7.1,0.4,3.3,6.1,0.55,0.9,1.0,0.842,0.5,2.3,2.7,3.4,1.4,0.2,2.1,3.0,16.1,Patty Mills
2013-14,25.0,SAS,NBA,PG,81.0,2.0,1527.0,7.3,15.7,0.464,3.2,7.5,0.425,4.1,8.2,0.5,1.7,1.9,0.89,0.8,3.2,4.0,3.5,1.6,0.2,1.5,2.7,19.5,Patty Mills
2014-15,26.0,SAS,NBA,PG,51.0,0.0,801.0,5.8,15.1,0.381,2.8,8.2,0.341,3.0,6.9,0.429,1.5,1.8,0.825,0.9,2.4,3.4,3.9,1.3,0.1,1.6,2.6,15.8,Patty Mills
2015-16,27.0,SAS,NBA,PG,81.0,3.0,1662.0,5.6,13.3,0.425,2.7,6.9,0.384,3.0,6.3,0.469,1.0,1.3,0.81,0.6,2.8,3.4,4.9,1.3,0.1,1.6,2.2,14.9,Patty Mills
2016-17,28.0,SAS,NBA,PG,80.0,8.0,1754.0,5.6,12.7,0.44,3.0,7.3,0.414,2.6,5.5,0.474,1.4,1.6,0.825,0.5,2.4,2.9,5.7,1.3,0.1,2.1,2.2,15.6,Patty Mills
2017-18,29.0,SAS,NBA,PG,82.0,36.0,2107.0,4.8,11.7,0.411,2.6,7.1,0.372,2.2,4.6,0.47,1.8,2.0,0.89,0.4,2.2,2.6,3.9,0.9,0.2,1.8,2.2,14.0,Patty Mills
2018-19,30.0,SAS,NBA,PG,82.0,1.0,1908.0,5.3,12.5,0.425,3.0,7.6,0.394,2.3,4.9,0.475,1.7,1.9,0.854,0.5,3.0,3.4,4.6,0.9,0.2,1.8,2.4,15.3,Patty Mills
2019-20,31.0,SAS,NBA,PG,66.0,1.0,1485.0,6.3,14.5,0.431,3.7,9.8,0.382,2.5,4.7,0.533,2.4,2.7,0.866,0.5,2.1,2.6,2.9,1.3,0.1,1.3,2.5,18.6,Patty Mills
2020-21,32.0,SAS,NBA,PG,68.0,1.0,1685.0,5.4,13.1,0.412,3.4,9.2,0.375,1.9,3.9,0.5,1.5,1.7,0.91,0.4,2.1,2.5,3.5,0.9,0.1,1.4,1.7,15.7,Patty Mills
2021-22,33.0,BRK,NBA,SG,81.0,48.0,2346.0,5.0,12.2,0.408,3.5,8.7,0.4,1.5,3.5,0.429,0.7,0.9,0.814,0.3,2.1,2.4,2.8,0.8,0.3,1.1,1.7,14.2,Patty Mills
2022-23,34.0,BRK,NBA,PG,40.0,2.0,567.0,5.5,13.3,0.411,3.1,8.5,0.366,2.3,4.8,0.493,1.6,1.9,0.833,0.5,2.3,2.8,3.6,1.0,0.2,1.9,2.0,15.6,Patty Mills
2005-06,30.0,SAS,NBA,C,59.0,0.0,490.0,3.2,6.8,0.473,0.0,0.1,0.0,3.2,6.7,0.484,1.1,2.0,0.556,4.2,4.8,9.0,2.0,0.7,0.8,2.1,6.7,7.6,Fabricio Oberto
2006-07,31.0,SAS,NBA,C,79.0,33.0,1365.0,4.2,7.4,0.562,0.0,0.0,0.0,4.2,7.4,0.562,0.9,1.3,0.647,3.5,6.3,9.7,1.8,0.7,0.6,1.8,5.6,9.2,Fabricio Oberto
2007-08,32.0,SAS,NBA,C,82.0,64.0,1644.0,3.9,6.5,0.608,0.0,0.0,0.0,3.9,6.5,0.61,0.8,1.3,0.607,3.4,6.1,9.4,2.1,0.8,0.4,1.1,4.4,8.7,Fabricio Oberto
2008-09,33.0,SAS,NBA,C,54.0,11.0,677.0,3.2,5.5,0.587,0.0,0.1,0.0,3.2,5.5,0.592,1.1,1.9,0.571,3.5,4.1,7.6,3.1,0.4,0.6,2.0,5.1,7.6,Fabricio Oberto
2009-10,34.0,WAS,NBA,C,57.0,20.0,650.0,1.9,3.1,0.625,0.0,0.0,0.0,1.9,3.1,0.625,0.7,0.9,0.765,1.9,3.9,5.8,2.8,0.6,0.5,2.0,6.7,4.6,Fabricio Oberto
2010-11,35.0,POR,NBA,C,5.0,0.0,45.0,2.4,4.0,0.6,0.0,0.0,0.0,2.4,4.0,0.6,0.8,1.6,0.5,2.4,3.2,5.6,0.0,0.0,0.0,2.4,8.0,5.6,Fabricio Oberto
2006-07,22.0,POR,NBA,SG,57.0,55.0,2015.0,6.2,13.7,0.456,1.0,2.6,0.377,5.3,11.1,0.475,3.6,4.3,0.838,1.0,3.4,4.5,4.1,1.2,0.2,2.1,2.5,17.1,Brandon Roy
2007-08,23.0,POR,NBA,SG,74.0,74.0,2792.0,6.8,15.1,0.454,0.9,2.8,0.34,5.9,12.3,0.48,3.6,4.8,0.753,1.0,3.4,4.5,5.5,1.0,0.2,1.8,1.9,18.3,Brandon Roy
2008-09,24.0,POR,NBA,SG,78.0,78.0,2903.0,7.8,16.3,0.48,1.0,2.7,0.377,6.8,13.6,0.501,5.2,6.3,0.824,1.3,3.3,4.6,5.0,1.1,0.3,1.9,1.6,21.9,Brandon Roy
2009-10,25.0,POR,NBA,SG,65.0,65.0,2419.0,7.3,15.4,0.473,1.1,3.3,0.33,6.2,12.2,0.512,5.1,6.5,0.78,1.1,3.2,4.2,4.5,0.9,0.2,1.9,2.0,20.8,Brandon Roy
2010-11,26.0,POR,NBA,SG,47.0,23.0,1310.0,5.7,14.4,0.4,1.0,3.1,0.333,4.7,11.2,0.418,3.2,3.8,0.848,0.8,2.6,3.3,3.5,1.0,0.3,1.5,2.1,15.7,Brandon Roy
2012-13,28.0,MIN,NBA,SG,5.0,5.0,122.0,3.2,10.3,0.314,0.0,2.7,0.0,3.2,7.7,0.423,2.1,3.0,0.7,0.9,3.2,4.1,6.8,0.9,0.0,2.1,1.5,8.6,Brandon Roy
